Source,Destination,Protocol,Length,Info,Type,Type of attack_ARP Spoofing,Type of attack_DoS Attack,Type of attack_Nmap Port Scan,Type of attack_No Attack,Type of attack_Smurf Attack
46,44,4,42,22224,0,0.0,0.0,0.0,0.0,1.0
46,44,4,42,22224,0,0.0,0.0,0.0,0.0,1.0
46,44,4,42,22224,0,0.0,0.0,0.0,0.0,1.0
46,44,4,42,22224,0,0.0,0.0,0.0,0.0,1.0
45,46,7,58,3648,1,0.0,0.0,0.0,1.0,0.0
46,44,4,42,22224,0,0.0,0.0,0.0,0.0,1.0
46,45,7,54,21548,0,0.0,0.0,1.0,0.0,0.0
46,44,4,42,22224,0,0.0,0.0,0.0,0.0,1.0
46,44,4,42,22224,0,0.0,0.0,0.0,0.0,1.0
46,44,4,42,22224,0,0.0,0.0,0.0,0.0,1.0
45,44,7,58,17452,1,0.0,0.0,0.0,1.0,0.0
46,44,4,42,22224,0,0.0,0.0,0.0,0.0,1.0
46,44,4,42,22224,0,0.0,0.0,0.0,0.0,1.0
46,44,4,42,22224,0,0.0,0.0,0.0,0.0,1.0
46,44,4,42,22224,0,0.0,0.0,0.0,0.0,1.0
46,60,8,60,22196,1,0.0,0.0,0.0,1.0,0.0
46,44,4,42,22224,0,0.0,0.0,0.0,0.0,1.0
46,44,4,42,22224,0,0.0,0.0,0.0,0.0,1.0
46,44,4,42,22224,0,0.0,0.0,0.0,0.0,1.0
46,44,4,42,22224,0,0.0,0.0,0.0,0.0,1.0
44,45,7,54,20695,0,0.0,0.0,1.0,0.0,0.0
46,44,4,42,22224,0,0.0,0.0,0.0,0.0,1.0
45,19,7,66,20090,1,0.0,0.0,0.0,1.0,0.0
46,44,4,42,22224,0,0.0,0.0,0.0,0.0,1.0
44,45,7,54,13516,0,0.0,0.0,1.0,0.0,0.0
46,44,4,42,22224,0,0.0,0.0,0.0,0.0,1.0
45,44,7,58,5475,1,0.0,0.0,0.0,1.0,0.0
46,44,4,42,22224,0,0.0,0.0,0.0,0.0,1.0
46,44,4,42,22224,0,0.0,0.0,0.0,0.0,1.0
46,44,4,42,22224,0,0.0,0.0,0.0,0.0,1.0
46,44,4,42,22224,0,0.0,0.0,0.0,0.0,1.0
45,44,7,58,6575,1,0.0,0.0,0.0,1.0,0.0
68,68,0,42,1875,0,1.0,0.0,0.0,0.0,0.0
45,53,9,597,22182,1,0.0,0.0,0.0,1.0,0.0
46,44,4,42,22224,0,0.0,0.0,0.0,0.0,1.0
50,45,9,1474,22183,1,0.0,0.0,0.0,1.0,0.0
46,45,7,54,20270,0,0.0,0.0,1.0,0.0,0.0
46,44,4,42,22224,0,0.0,0.0,0.0,0.0,1.0
46,44,4,42,22224,0,0.0,0.0,0.0,0.0,1.0
46,44,4,42,22224,0,0.0,0.0,0.0,0.0,1.0
46,44,4,42,22224,0,0.0,0.0,0.0,0.0,1.0
46,60,7,58,23976,1,0.0,0.0,0.0,1.0,0.0
46,44,4,42,22224,0,0.0,0.0,0.0,0.0,1.0
46,44,4,42,22224,0,0.0,0.0,0.0,0.0,1.0
46,44,4,42,22224,0,0.0,0.0,0.0,0.0,1.0
45,44,7,58,18470,1,0.0,0.0,0.0,1.0,0.0
67,69,0,42,23370,0,1.0,0.0,0.0,0.0,0.0
46,44,4,42,22224,0,0.0,0.0,0.0,0.0,1.0
21,45,9,1474,22182,1,0.0,0.0,0.0,1.0,0.0
46,44,4,42,22224,0,0.0,0.0,0.0,0.0,1.0
46,44,4,42,22224,0,0.0,0.0,0.0,0.0,1.0
45,23,9,112,22182,1,0.0,0.0,0.0,1.0,0.0
45,44,7,58,6464,1,0.0,0.0,0.0,1.0,0.0
45,14,7,66,12759,1,0.0,0.0,0.0,1.0,0.0
45,61,7,66,16464,0,0.0,0.0,1.0,0.0,0.0
46,44,4,42,22224,0,0.0,0.0,0.0,0.0,1.0
46,44,4,42,22224,0,0.0,0.0,0.0,0.0,1.0
44,45,7,54,4777,0,0.0,0.0,1.0,0.0,0.0
45,44,7,58,5551,1,0.0,0.0,0.0,1.0,0.0
46,44,4,42,22224,0,0.0,0.0,0.0,0.0,1.0
45,44,7,58,18655,1,0.0,0.0,0.0,1.0,0.0
46,44,4,42,22224,0,0.0,0.0,0.0,0.0,1.0
46,44,4,42,22224,0,0.0,0.0,0.0,0.0,1.0
2,45,7,1474,9849,1,0.0,0.0,0.0,1.0,0.0
46,44,4,42,22224,0,0.0,0.0,0.0,0.0,1.0
46,44,4,42,22224,0,0.0,0.0,0.0,0.0,1.0
45,46,7,58,8880,1,0.0,0.0,0.0,1.0,0.0
46,44,4,42,22224,0,0.0,0.0,0.0,0.0,1.0
45,44,7,58,17409,1,0.0,0.0,0.0,1.0,0.0
46,44,4,42,22224,0,0.0,0.0,0.0,0.0,1.0
46,44,4,42,22224,0,0.0,0.0,0.0,0.0,1.0
44,45,7,54,21633,0,0.0,0.0,1.0,0.0,0.0
46,44,4,42,22224,0,0.0,0.0,0.0,0.0,1.0
46,44,4,42,22224,0,0.0,0.0,0.0,0.0,1.0
45,34,7,66,14685,1,0.0,0.0,0.0,1.0,0.0
46,44,4,42,22224,0,0.0,0.0,0.0,0.0,1.0
46,44,4,42,22224,0,0.0,0.0,0.0,0.0,1.0
46,44,4,42,22224,0,0.0,0.0,0.0,0.0,1.0
46,44,4,42,22224,0,0.0,0.0,0.0,0.0,1.0
46,44,4,42,22224,0,0.0,0.0,0.0,0.0,1.0
46,44,4,42,22224,0,0.0,0.0,0.0,0.0,1.0
46,44,4,42,22224,0,0.0,0.0,0.0,0.0,1.0
46,44,4,42,22224,0,0.0,0.0,0.0,0.0,1.0
46,44,4,42,22224,0,0.0,0.0,0.0,0.0,1.0
45,14,7,66,12795,1,0.0,0.0,0.0,1.0,0.0
45,44,7,58,19231,1,0.0,0.0,0.0,1.0,0.0
44,45,7,54,21930,0,0.0,0.0,1.0,0.0,0.0
46,44,4,42,22224,0,0.0,0.0,0.0,0.0,1.0
46,44,4,42,22224,0,0.0,0.0,0.0,0.0,1.0
46,44,4,42,22224,0,0.0,0.0,0.0,0.0,1.0
46,44,4,42,22224,0,0.0,0.0,0.0,0.0,1.0
46,44,4,42,22224,0,0.0,0.0,0.0,0.0,1.0
46,60,7,54,1593,1,0.0,0.0,0.0,1.0,0.0
14,45,7,1474,10429,1,0.0,0.0,0.0,1.0,0.0
46,44,4,42,22224,0,0.0,0.0,0.0,0.0,1.0
46,44,4,42,22224,0,0.0,0.0,0.0,0.0,1.0
46,44,4,42,22224,0,0.0,0.0,0.0,0.0,1.0
44,45,7,54,21668,0,0.0,0.0,1.0,0.0,0.0
46,44,4,42,22224,0,0.0,0.0,0.0,0.0,1.0
44,45,7,54,3384,0,0.0,0.0,1.0,0.0,0.0
46,44,4,42,22224,0,0.0,0.0,0.0,0.0,1.0
44,45,7,54,21514,0,0.0,0.0,1.0,0.0,0.0
44,45,7,54,962,0,0.0,0.0,1.0,0.0,0.0
46,44,4,42,22224,0,0.0,0.0,0.0,0.0,1.0
46,44,4,42,22224,0,0.0,0.0,0.0,0.0,1.0
39,45,9,1474,22182,1,0.0,0.0,0.0,1.0,0.0
46,44,4,42,22224,0,0.0,0.0,0.0,0.0,1.0
46,44,4,42,22224,0,0.0,0.0,0.0,0.0,1.0
46,44,4,42,22224,0,0.0,0.0,0.0,0.0,1.0
46,44,4,42,22224,0,0.0,0.0,0.0,0.0,1.0
46,44,4,42,22224,0,0.0,0.0,0.0,0.0,1.0
46,44,4,42,22224,0,0.0,0.0,0.0,0.0,1.0
45,46,7,54,14994,1,0.0,0.0,0.0,1.0,0.0
46,44,4,42,22224,0,0.0,0.0,0.0,0.0,1.0
46,44,4,42,22224,0,0.0,0.0,0.0,0.0,1.0
46,44,4,42,22224,0,0.0,0.0,0.0,0.0,1.0
46,44,4,42,22224,0,0.0,0.0,0.0,0.0,1.0
46,44,4,42,22224,0,0.0,0.0,0.0,0.0,1.0
46,44,4,42,22224,0,0.0,0.0,0.0,0.0,1.0
46,44,4,42,22224,0,0.0,0.0,0.0,0.0,1.0
46,45,7,54,21903,0,0.0,0.0,1.0,0.0,0.0
46,44,4,42,22224,0,0.0,0.0,0.0,0.0,1.0
46,44,4,42,22224,0,0.0,0.0,0.0,0.0,1.0
45,44,7,58,5289,1,0.0,0.0,0.0,1.0,0.0
46,44,4,42,22224,0,0.0,0.0,0.0,0.0,1.0
46,44,4,42,22224,0,0.0,0.0,0.0,0.0,1.0
46,44,4,42,22224,0,0.0,0.0,0.0,0.0,1.0
46,45,7,54,4604,0,0.0,0.0,1.0,0.0,0.0
46,44,4,42,22224,0,0.0,0.0,0.0,0.0,1.0
46,44,4,42,22224,0,0.0,0.0,0.0,0.0,1.0
46,44,4,42,22224,0,0.0,0.0,0.0,0.0,1.0
46,44,4,42,22224,0,0.0,0.0,0.0,0.0,1.0
46,44,4,42,22224,0,0.0,0.0,0.0,0.0,1.0
46,44,4,42,22224,0,0.0,0.0,0.0,0.0,1.0
45,44,7,58,19712,1,0.0,0.0,0.0,1.0,0.0
46,44,4,42,22224,0,0.0,0.0,0.0,0.0,1.0
46,44,4,42,22224,0,0.0,0.0,0.0,0.0,1.0
45,46,7,58,4265,1,0.0,0.0,0.0,1.0,0.0
46,44,4,42,22224,0,0.0,0.0,0.0,0.0,1.0
46,44,4,42,22224,0,0.0,0.0,0.0,0.0,1.0
46,45,7,54,149,0,0.0,0.0,1.0,0.0,0.0
46,44,4,42,22224,0,0.0,0.0,0.0,0.0,1.0
46,44,4,42,22224,0,0.0,0.0,0.0,0.0,1.0
46,44,4,42,22224,0,0.0,0.0,0.0,0.0,1.0
46,44,4,42,22224,0,0.0,0.0,0.0,0.0,1.0
46,44,4,42,22224,0,0.0,0.0,0.0,0.0,1.0
46,44,4,42,22224,0,0.0,0.0,0.0,0.0,1.0
45,44,7,58,18128,1,0.0,0.0,0.0,1.0,0.0
46,60,7,58,23847,1,0.0,0.0,0.0,1.0,0.0
2,45,7,1474,9847,1,0.0,0.0,0.0,1.0,0.0
46,45,7,54,15564,0,0.0,0.0,1.0,0.0,0.0
46,44,4,42,22224,0,0.0,0.0,0.0,0.0,1.0
67,65,0,42,1874,0,1.0,0.0,0.0,0.0,0.0
67,69,0,42,23328,0,1.0,0.0,0.0,0.0,0.0
45,30,7,66,7524,1,0.0,0.0,0.0,1.0,0.0
46,44,4,42,22224,0,0.0,0.0,0.0,0.0,1.0
67,69,0,42,23198,0,1.0,0.0,0.0,0.0,0.0
46,44,4,42,22224,0,0.0,0.0,0.0,0.0,1.0
67,69,0,42,1871,0,1.0,0.0,0.0,0.0,0.0
46,44,4,42,22224,0,0.0,0.0,0.0,0.0,1.0
45,46,7,54,1566,1,0.0,0.0,0.0,1.0,0.0
46,44,4,42,22224,0,0.0,0.0,0.0,0.0,1.0
46,44,4,42,22224,0,0.0,0.0,0.0,0.0,1.0
44,45,2,124,23041,1,0.0,0.0,0.0,1.0,0.0
46,44,4,42,22224,0,0.0,0.0,0.0,0.0,1.0
46,44,4,42,22224,0,0.0,0.0,0.0,0.0,1.0
46,44,4,42,22224,0,0.0,0.0,0.0,0.0,1.0
46,44,4,42,22224,0,0.0,0.0,0.0,0.0,1.0
67,69,0,42,1871,0,1.0,0.0,0.0,0.0,0.0
46,44,4,42,22224,0,0.0,0.0,0.0,0.0,1.0
45,39,7,66,14086,1,0.0,0.0,0.0,1.0,0.0
45,39,7,66,14038,1,0.0,0.0,0.0,1.0,0.0
46,44,4,42,22224,0,0.0,0.0,0.0,0.0,1.0
45,50,7,66,15641,1,0.0,0.0,0.0,1.0,0.0
46,44,4,42,22224,0,0.0,0.0,0.0,0.0,1.0
46,44,4,42,22224,0,0.0,0.0,0.0,0.0,1.0
46,44,4,42,22224,0,0.0,0.0,0.0,0.0,1.0
46,44,4,42,22224,0,0.0,0.0,0.0,0.0,1.0
46,44,4,42,22224,0,0.0,0.0,0.0,0.0,1.0
67,69,0,42,1871,0,1.0,0.0,0.0,0.0,0.0
46,44,4,42,22224,0,0.0,0.0,0.0,0.0,1.0
45,44,7,58,6349,1,0.0,0.0,0.0,1.0,0.0
46,44,4,42,22224,0,0.0,0.0,0.0,0.0,1.0
46,44,4,42,22224,0,0.0,0.0,0.0,0.0,1.0
45,46,7,58,7872,1,0.0,0.0,0.0,1.0,0.0
46,44,4,42,22224,0,0.0,0.0,0.0,0.0,1.0
45,37,7,66,15893,1,0.0,0.0,0.0,1.0,0.0
46,44,4,42,22224,0,0.0,0.0,0.0,0.0,1.0
46,44,4,42,22224,0,0.0,0.0,0.0,0.0,1.0
46,44,4,42,22224,0,0.0,0.0,0.0,0.0,1.0
46,44,4,42,22224,0,0.0,0.0,0.0,0.0,1.0
46,44,4,42,22224,0,0.0,0.0,0.0,0.0,1.0
46,44,4,42,22224,0,0.0,0.0,0.0,0.0,1.0
46,44,4,42,22224,0,0.0,0.0,0.0,0.0,1.0
46,44,4,42,22224,0,0.0,0.0,0.0,0.0,1.0
46,44,4,42,22224,0,0.0,0.0,0.0,0.0,1.0
46,44,4,42,22224,0,0.0,0.0,0.0,0.0,1.0
46,44,4,42,22224,0,0.0,0.0,0.0,0.0,1.0
46,44,4,42,22224,0,0.0,0.0,0.0,0.0,1.0
46,44,4,42,22224,0,0.0,0.0,0.0,0.0,1.0
46,60,7,54,20734,0,0.0,0.0,1.0,0.0,0.0
46,44,4,42,22224,0,0.0,0.0,0.0,0.0,1.0
46,44,4,42,22224,0,0.0,0.0,0.0,0.0,1.0
46,44,4,42,22224,0,0.0,0.0,0.0,0.0,1.0
45,39,7,66,14070,1,0.0,0.0,0.0,1.0,0.0
46,44,4,42,22224,0,0.0,0.0,0.0,0.0,1.0
46,44,4,42,22224,0,0.0,0.0,0.0,0.0,1.0
46,44,4,42,22224,0,0.0,0.0,0.0,0.0,1.0
44,45,7,54,21589,0,0.0,0.0,1.0,0.0,0.0
46,44,4,42,22224,0,0.0,0.0,0.0,0.0,1.0
46,44,4,42,22224,0,0.0,0.0,0.0,0.0,1.0
46,44,4,42,22224,0,0.0,0.0,0.0,0.0,1.0
46,44,4,42,22224,0,0.0,0.0,0.0,0.0,1.0
46,44,4,42,22224,0,0.0,0.0,0.0,0.0,1.0
45,44,7,58,17388,1,0.0,0.0,0.0,1.0,0.0
46,44,4,42,22224,0,0.0,0.0,0.0,0.0,1.0
44,45,7,54,2319,0,0.0,0.0,1.0,0.0,0.0
46,44,4,42,22224,0,0.0,0.0,0.0,0.0,1.0
45,39,7,66,13637,1,0.0,0.0,0.0,1.0,0.0
46,44,4,42,22224,0,0.0,0.0,0.0,0.0,1.0
46,44,4,42,22224,0,0.0,0.0,0.0,0.0,1.0
46,44,4,42,22224,0,0.0,0.0,0.0,0.0,1.0
46,44,4,42,22224,0,0.0,0.0,0.0,0.0,1.0
46,44,4,42,22224,0,0.0,0.0,0.0,0.0,1.0
46,44,4,42,22224,0,0.0,0.0,0.0,0.0,1.0
46,44,4,42,22224,0,0.0,0.0,0.0,0.0,1.0
46,44,4,42,22224,0,0.0,0.0,0.0,0.0,1.0
46,44,4,42,22224,0,0.0,0.0,0.0,0.0,1.0
46,44,4,42,22224,0,0.0,0.0,0.0,0.0,1.0
46,44,4,42,22224,0,0.0,0.0,0.0,0.0,1.0
46,44,4,42,22224,0,0.0,0.0,0.0,0.0,1.0
45,46,7,58,8136,1,0.0,0.0,0.0,1.0,0.0
46,44,4,42,22224,0,0.0,0.0,0.0,0.0,1.0
46,44,4,42,22224,0,0.0,0.0,0.0,0.0,1.0
46,44,4,42,22224,0,0.0,0.0,0.0,0.0,1.0
46,44,4,42,22224,0,0.0,0.0,0.0,0.0,1.0
45,37,7,54,15933,0,0.0,0.0,1.0,0.0,0.0
60,45,7,1474,11704,0,0.0,1.0,0.0,0.0,0.0
46,44,4,42,22224,0,0.0,0.0,0.0,0.0,1.0
46,44,4,42,22224,0,0.0,0.0,0.0,0.0,1.0
46,44,4,42,22224,0,0.0,0.0,0.0,0.0,1.0
45,46,7,54,22154,1,0.0,0.0,0.0,1.0,0.0
46,44,4,42,22224,0,0.0,0.0,0.0,0.0,1.0
46,44,4,42,22224,0,0.0,0.0,0.0,0.0,1.0
46,44,4,42,22224,0,0.0,0.0,0.0,0.0,1.0
45,44,7,58,17544,1,0.0,0.0,0.0,1.0,0.0
45,19,7,66,3297,1,0.0,0.0,0.0,1.0,0.0
46,44,4,42,22224,0,0.0,0.0,0.0,0.0,1.0
46,44,4,42,22224,0,0.0,0.0,0.0,0.0,1.0
46,44,4,42,22224,0,0.0,0.0,0.0,0.0,1.0
44,45,7,54,5090,0,0.0,0.0,1.0,0.0,0.0
46,44,4,42,22224,0,0.0,0.0,0.0,0.0,1.0
46,44,4,42,22224,0,0.0,0.0,0.0,0.0,1.0
44,46,2,92,22789,1,0.0,0.0,0.0,1.0,0.0
46,44,4,42,22224,0,0.0,0.0,0.0,0.0,1.0
46,44,4,42,22224,0,0.0,0.0,0.0,0.0,1.0
46,44,4,42,22224,0,0.0,0.0,0.0,0.0,1.0
46,44,4,42,22224,0,0.0,0.0,0.0,0.0,1.0
46,45,7,54,7452,0,0.0,0.0,1.0,0.0,0.0
46,44,4,42,22224,0,0.0,0.0,0.0,0.0,1.0
46,44,4,42,22224,0,0.0,0.0,0.0,0.0,1.0
46,44,4,42,22224,0,0.0,0.0,0.0,0.0,1.0
46,44,4,42,22224,0,0.0,0.0,0.0,0.0,1.0
46,44,4,42,22224,0,0.0,0.0,0.0,0.0,1.0
24,45,9,1474,22182,1,0.0,0.0,0.0,1.0,0.0
45,61,7,66,16667,1,0.0,0.0,0.0,1.0,0.0
46,44,4,42,22224,0,0.0,0.0,0.0,0.0,1.0
45,44,2,77,22658,1,0.0,0.0,0.0,1.0,0.0
46,44,4,42,22224,0,0.0,0.0,0.0,0.0,1.0
46,60,7,54,24005,1,0.0,0.0,0.0,1.0,0.0
46,44,4,42,22224,0,0.0,0.0,0.0,0.0,1.0
46,44,4,42,22224,0,0.0,0.0,0.0,0.0,1.0
46,44,4,42,22224,0,0.0,0.0,0.0,0.0,1.0
45,46,7,58,4192,1,0.0,0.0,0.0,1.0,0.0
60,45,7,1474,11815,1,0.0,0.0,0.0,1.0,0.0
46,44,4,42,22224,0,0.0,0.0,0.0,0.0,1.0
60,45,7,66,21113,1,0.0,0.0,0.0,1.0,0.0
46,44,4,42,22224,0,0.0,0.0,0.0,0.0,1.0
34,45,9,620,22182,1,0.0,0.0,0.0,1.0,0.0
46,44,4,42,22224,0,0.0,0.0,0.0,0.0,1.0
45,19,7,66,20158,1,0.0,0.0,0.0,1.0,0.0
46,44,4,42,22224,0,0.0,0.0,0.0,0.0,1.0
46,45,7,54,17132,0,0.0,0.0,1.0,0.0,0.0
46,60,7,58,23854,1,0.0,0.0,0.0,1.0,0.0
46,44,4,42,22224,0,0.0,0.0,0.0,0.0,1.0
44,45,7,54,3009,0,0.0,0.0,1.0,0.0,0.0
45,46,7,58,8036,1,0.0,0.0,0.0,1.0,0.0
46,44,4,42,22224,0,0.0,0.0,0.0,0.0,1.0
46,44,4,42,22224,0,0.0,0.0,0.0,0.0,1.0
46,44,4,42,22224,0,0.0,0.0,0.0,0.0,1.0
45,46,7,58,8669,1,0.0,0.0,0.0,1.0,0.0
46,44,4,42,22224,0,0.0,0.0,0.0,0.0,1.0
46,44,4,42,22224,0,0.0,0.0,0.0,0.0,1.0
46,44,4,42,22224,0,0.0,0.0,0.0,0.0,1.0
46,44,4,42,22224,0,0.0,0.0,0.0,0.0,1.0
46,44,4,42,22224,0,0.0,0.0,0.0,0.0,1.0
46,44,4,42,22224,0,0.0,0.0,0.0,0.0,1.0
46,44,4,42,22224,0,0.0,0.0,0.0,0.0,1.0
46,44,4,42,22224,0,0.0,0.0,0.0,0.0,1.0
46,44,4,42,22224,0,0.0,0.0,0.0,0.0,1.0
45,41,7,66,7393,1,0.0,0.0,0.0,1.0,0.0
45,46,7,58,8480,1,0.0,0.0,0.0,1.0,0.0
46,44,4,42,22224,0,0.0,0.0,0.0,0.0,1.0
46,44,4,42,22224,0,0.0,0.0,0.0,0.0,1.0
44,45,7,54,2987,0,0.0,0.0,1.0,0.0,0.0
46,44,4,42,22224,0,0.0,0.0,0.0,0.0,1.0
46,44,4,42,22224,0,0.0,0.0,0.0,0.0,1.0
45,44,7,58,18170,1,0.0,0.0,0.0,1.0,0.0
46,44,4,42,22224,0,0.0,0.0,0.0,0.0,1.0
46,60,7,54,23520,1,0.0,0.0,0.0,1.0,0.0
46,44,4,42,22224,0,0.0,0.0,0.0,0.0,1.0
46,45,7,54,2248,0,0.0,0.0,1.0,0.0,0.0
46,44,4,42,22224,0,0.0,0.0,0.0,0.0,1.0
46,44,4,42,22224,0,0.0,0.0,0.0,0.0,1.0
46,45,7,54,1607,0,0.0,0.0,1.0,0.0,0.0
46,44,4,42,22224,0,0.0,0.0,0.0,0.0,1.0
44,45,7,54,16790,0,0.0,0.0,1.0,0.0,0.0
46,44,4,42,22224,0,0.0,0.0,0.0,0.0,1.0
67,69,0,42,23294,0,1.0,0.0,0.0,0.0,0.0
46,44,4,42,22224,0,0.0,0.0,0.0,0.0,1.0
46,44,4,42,22224,0,0.0,0.0,0.0,0.0,1.0
46,44,4,42,22224,0,0.0,0.0,0.0,0.0,1.0
46,44,4,42,22224,0,0.0,0.0,0.0,0.0,1.0
46,44,4,42,22224,0,0.0,0.0,0.0,0.0,1.0
45,22,7,66,7189,1,0.0,0.0,0.0,1.0,0.0
46,44,4,42,22224,0,0.0,0.0,0.0,0.0,1.0
33,45,7,66,23592,1,0.0,0.0,0.0,1.0,0.0
46,60,7,54,1414,1,0.0,0.0,0.0,1.0,0.0
46,45,7,54,21411,0,0.0,0.0,1.0,0.0,0.0
46,44,4,42,22224,0,0.0,0.0,0.0,0.0,1.0
46,44,4,42,22224,0,0.0,0.0,0.0,0.0,1.0
46,44,4,42,22224,0,0.0,0.0,0.0,0.0,1.0
37,45,9,1474,22182,1,0.0,0.0,0.0,1.0,0.0
46,44,4,42,22224,0,0.0,0.0,0.0,0.0,1.0
46,44,4,42,22224,0,0.0,0.0,0.0,0.0,1.0
5,45,7,54,10012,0,0.0,0.0,1.0,0.0,0.0
19,45,9,1474,22182,1,0.0,0.0,0.0,1.0,0.0
46,44,4,42,22224,0,0.0,0.0,0.0,0.0,1.0
46,44,4,42,22224,0,0.0,0.0,0.0,0.0,1.0
46,44,4,42,22224,0,0.0,0.0,0.0,0.0,1.0
46,44,4,42,22224,0,0.0,0.0,0.0,0.0,1.0
46,44,4,42,22224,0,0.0,0.0,0.0,0.0,1.0
46,44,4,42,22224,0,0.0,0.0,0.0,0.0,1.0
45,39,7,66,14166,1,0.0,0.0,0.0,1.0,0.0
46,44,4,42,22224,0,0.0,0.0,0.0,0.0,1.0
46,44,4,42,22224,0,0.0,0.0,0.0,0.0,1.0
46,60,7,54,1337,1,0.0,0.0,0.0,1.0,0.0
46,45,7,54,692,0,0.0,0.0,1.0,0.0,0.0
46,44,4,42,22224,0,0.0,0.0,0.0,0.0,1.0
46,44,4,42,22224,0,0.0,0.0,0.0,0.0,1.0
46,44,4,42,22224,0,0.0,0.0,0.0,0.0,1.0
45,19,7,66,20139,1,0.0,0.0,0.0,1.0,0.0
46,44,4,42,22224,0,0.0,0.0,0.0,0.0,1.0
46,45,7,54,15587,0,0.0,0.0,1.0,0.0,0.0
46,44,4,42,22224,0,0.0,0.0,0.0,0.0,1.0
46,44,4,42,22224,0,0.0,0.0,0.0,0.0,1.0
46,44,4,42,22224,0,0.0,0.0,0.0,0.0,1.0
46,44,4,42,22224,0,0.0,0.0,0.0,0.0,1.0
46,44,4,42,22224,0,0.0,0.0,0.0,0.0,1.0
46,44,4,42,22224,0,0.0,0.0,0.0,0.0,1.0
46,44,4,42,22224,0,0.0,0.0,0.0,0.0,1.0
46,44,4,42,22224,0,0.0,0.0,0.0,0.0,1.0
37,45,9,1474,22182,1,0.0,0.0,0.0,1.0,0.0
46,44,4,42,22224,0,0.0,0.0,0.0,0.0,1.0
34,45,9,1474,22182,1,0.0,0.0,0.0,1.0,0.0
45,44,7,58,17642,1,0.0,0.0,0.0,1.0,0.0
45,44,7,58,17900,1,0.0,0.0,0.0,1.0,0.0
46,44,4,42,22224,0,0.0,0.0,0.0,0.0,1.0
46,44,4,42,22224,0,0.0,0.0,0.0,0.0,1.0
46,44,4,42,22224,0,0.0,0.0,0.0,0.0,1.0
45,44,7,58,17771,1,0.0,0.0,0.0,1.0,0.0
46,44,4,42,22224,0,0.0,0.0,0.0,0.0,1.0
46,44,4,42,22224,0,0.0,0.0,0.0,0.0,1.0
23,45,9,1474,22183,1,0.0,0.0,0.0,1.0,0.0
46,44,4,42,22224,0,0.0,0.0,0.0,0.0,1.0
46,44,4,42,22224,0,0.0,0.0,0.0,0.0,1.0
46,44,4,42,22224,0,0.0,0.0,0.0,0.0,1.0
46,44,4,42,22224,0,0.0,0.0,0.0,0.0,1.0
46,44,4,42,22224,0,0.0,0.0,0.0,0.0,1.0
46,44,4,42,22224,0,0.0,0.0,0.0,0.0,1.0
46,44,4,42,22224,0,0.0,0.0,0.0,0.0,1.0
46,44,4,42,22224,0,0.0,0.0,0.0,0.0,1.0
46,44,4,42,22224,0,0.0,0.0,0.0,0.0,1.0
46,44,4,42,22224,0,0.0,0.0,0.0,0.0,1.0
45,44,7,58,17338,1,0.0,0.0,0.0,1.0,0.0
46,44,4,42,22224,0,0.0,0.0,0.0,0.0,1.0
39,45,9,101,22182,1,0.0,0.0,0.0,1.0,0.0
46,44,4,42,22224,0,0.0,0.0,0.0,0.0,1.0
46,44,4,42,22224,0,0.0,0.0,0.0,0.0,1.0
46,44,4,42,22224,0,0.0,0.0,0.0,0.0,1.0
46,44,4,42,22224,0,0.0,0.0,0.0,0.0,1.0
45,46,7,58,9454,1,0.0,0.0,0.0,1.0,0.0
45,44,7,58,19473,1,0.0,0.0,0.0,1.0,0.0
46,44,4,42,22224,0,0.0,0.0,0.0,0.0,1.0
46,44,4,42,22224,0,0.0,0.0,0.0,0.0,1.0
46,44,4,42,22224,0,0.0,0.0,0.0,0.0,1.0
46,44,4,42,22224,0,0.0,0.0,0.0,0.0,1.0
46,44,4,42,22224,0,0.0,0.0,0.0,0.0,1.0
46,44,4,42,22224,0,0.0,0.0,0.0,0.0,1.0
46,44,4,42,22224,0,0.0,0.0,0.0,0.0,1.0
46,44,4,42,22224,0,0.0,0.0,0.0,0.0,1.0
46,44,4,42,22224,0,0.0,0.0,0.0,0.0,1.0
46,60,7,321,23799,0,0.0,1.0,0.0,0.0,0.0
46,44,4,42,22224,0,0.0,0.0,0.0,0.0,1.0
46,44,4,42,22224,0,0.0,0.0,0.0,0.0,1.0
46,44,4,42,22224,0,0.0,0.0,0.0,0.0,1.0
39,45,9,1474,22182,1,0.0,0.0,0.0,1.0,0.0
46,44,4,42,22224,0,0.0,0.0,0.0,0.0,1.0
46,44,4,42,22224,0,0.0,0.0,0.0,0.0,1.0
46,45,7,54,20336,0,0.0,0.0,1.0,0.0,0.0
46,44,4,42,22224,0,0.0,0.0,0.0,0.0,1.0
45,44,7,58,19767,1,0.0,0.0,0.0,1.0,0.0
45,53,7,66,12912,1,0.0,0.0,0.0,1.0,0.0
60,45,9,163,22182,1,0.0,0.0,0.0,1.0,0.0
46,44,4,42,22224,0,0.0,0.0,0.0,0.0,1.0
45,28,7,66,23773,1,0.0,0.0,0.0,1.0,0.0
46,44,4,42,22224,0,0.0,0.0,0.0,0.0,1.0
44,45,7,54,2349,0,0.0,0.0,1.0,0.0,0.0
9,45,6,1072,22245,1,0.0,0.0,0.0,1.0,0.0
46,44,4,42,22224,0,0.0,0.0,0.0,0.0,1.0
46,44,4,42,22224,0,0.0,0.0,0.0,0.0,1.0
45,40,9,159,22200,1,0.0,0.0,0.0,1.0,0.0
46,44,4,42,22224,0,0.0,0.0,0.0,0.0,1.0
46,44,4,42,22224,0,0.0,0.0,0.0,0.0,1.0
67,69,0,42,1871,0,1.0,0.0,0.0,0.0,0.0
46,44,4,42,22224,0,0.0,0.0,0.0,0.0,1.0
26,45,9,1474,22182,1,0.0,0.0,0.0,1.0,0.0
23,45,9,1474,22183,1,0.0,0.0,0.0,1.0,0.0
46,44,4,42,22224,0,0.0,0.0,0.0,0.0,1.0
46,44,4,42,22224,0,0.0,0.0,0.0,0.0,1.0
45,46,7,58,8199,1,0.0,0.0,0.0,1.0,0.0
46,44,4,42,22224,0,0.0,0.0,0.0,0.0,1.0
46,44,4,42,22224,0,0.0,0.0,0.0,0.0,1.0
46,44,4,42,22224,0,0.0,0.0,0.0,0.0,1.0
46,44,4,42,22224,0,0.0,0.0,0.0,0.0,1.0
46,44,4,42,22224,0,0.0,0.0,0.0,0.0,1.0
45,44,7,58,6270,1,0.0,0.0,0.0,1.0,0.0
39,45,9,396,22184,1,0.0,0.0,0.0,1.0,0.0
46,44,4,42,22224,0,0.0,0.0,0.0,0.0,1.0
46,44,4,42,22224,0,0.0,0.0,0.0,0.0,1.0
46,44,4,42,22224,0,0.0,0.0,0.0,0.0,1.0
46,44,4,42,22224,0,0.0,0.0,0.0,0.0,1.0
46,44,4,42,22224,0,0.0,0.0,0.0,0.0,1.0
46,44,4,42,22224,0,0.0,0.0,0.0,0.0,1.0
